epochs train test
0       20.232    35.82
0       30.194    45.25
1       41.988    53.26
2       47.126    57.09
3       51.15    61.91
4       54.88    64.53
5       57.166    67.48
6       58.878    67.83
7       60.26    69.22
8       61.692    70.37
9       62.362    70.07
10       62.586    70.85
11       63.402    72.55
12       63.912    72.24
13       64.442    72.99
14       65.112    72.86
15       65.114    73.39
16       65.638    73.86
17       65.796    74.38
18       66.014    74.84
19       66.192    74.37
20       66.584    75.12
21       66.714    74.77
22       67.434    75.34
23       67.322    75.6
24       67.43    74.87
25       69.404    76.58
26       70.27    76.85
27       70.464    77.02
28       70.7    76.72
29       70.84    77.13
30       70.976    77.06
31       71.17    77.2
32       71.164    77.11
33       71.394    77.59
34       71.21    77.58
35       70.994    77.33
36       71.378    77.73
37       71.574    77.74
38       71.692    77.76
39       71.388    77.52
0       29.5    45.39
1       42.534    54.13
2       48.068    58.5
3       51.664    61.78
4       54.702    64.05
0       29.842    45.92
1       42.88    54.27
2       48.634    58.51
3       52.53    63.62
4       55.768    65.68
5       57.598    64.86
6       58.92    67.85
7       60.152    67.69
8       61.108    70.21
9       61.992    70.37
10       62.44    69.03
11       63.272    71.3
12       63.858    71.41
13       64.09    71.83
14       64.706    72.57
15       65.038    72.59
16       65.12    73.08
17       65.466    73.52
18       65.62    73.72
19       66.056    73.83
20       66.27    74.57
21       66.604    73.47
22       66.462    74.56
23       66.83    74.61
24       67.022    73.71
25       69.364    76.37
26       69.986    76.45
27       70.298    76.73
28       70.608    76.47
29       70.64    76.77
30       70.744    76.92
31       70.832    77.13
32       71.104    77.44
33       70.942    77.57
34       71.056    77.27
35       70.988    76.95
36       71.156    77.23
37       70.964    77.46
38       71.254    77.48
39       71.358    77.4
0       32.082    46.73
1       43.748    55.65
2       49.602    60.21
3       52.694    63.05
4       55.49    64.7
5       57.66    67.58
6       58.966    68.65
7       60.314    68.73
8       61.33    69.78
9       62.358    69.64
10       63.056    70.72
11       63.232    72.28
12       63.986    71.35
13       64.282    72.46
14       64.964    72.52
15       65.258    72.69
16       65.87    73.16
17       65.974    73.99
18       65.964    73.77
19       66.492    73.65
20       67.022    73.84
21       67.114    73.42
22       67.028    75.56
23       67.508    73.88
24       67.392    74.3
25       69.88    76.28
26       70.192    76.76
27       70.702    76.37
28       71.186    76.6
29       70.956    76.82
30       71.15    77.04
31       71.126    76.82
32       71.166    77.08
33       71.44    76.96
34       71.466    77.18
35       71.322    76.92
36       71.502    77.25
37       71.702    77.29
38       71.652    77.51
39       71.796    77.48
