epochs train test
0       29.638    45.75
1       42.104    52.26
2       46.946    57.16
3       50.244    58.68
4       52.674    62.03
5       54.658    64.47
6       56.478    66.42
7       57.652    67.43
8       59.082    67.73
9       59.932    68.68
10       60.608    68.86
11       61.092    70.91
12       61.746    71.16
13       62.244    70.58
14       62.61    71.56
15       62.93    72.16
16       63.366    71.55
17       63.81    72.59
18       63.854    72.88
19       64.344    71.3
20       64.448    72.24
21       64.286    72.12
22       64.646    71.86
23       64.896    72.84
24       65.228    73.0
25       67.146    74.09
26       67.658    74.02
27       68.178    74.68
28       68.366    74.74
29       68.272    74.97
30       68.476    74.93
31       68.606    75.08
32       68.838    75.09
33       68.48    75.7
34       68.944    74.93
35       69.134    75.5
36       69.202    75.3
37       69.134    75.62
38       69.22    75.76
39       68.986    75.63
0       29.266    44.49
1       41.2    50.79
2       45.948    55.19
3       49.036    58.76
4       51.898    61.96
5       54.114    63.37
6       56.216    65.37
7       57.62    65.36
8       58.534    67.08
9       59.518    67.41
10       60.234    68.62
11       60.948    67.97
12       61.49    68.62
13       61.854    69.7
14       62.186    70.23
15       62.522    71.17
16       63.11    71.7
17       63.44    71.88
18       63.602    71.8
19       64.028    72.39
20       64.072    71.81
21       64.49    71.99
22       64.206    71.79
23       64.748    73.29
24       64.73    72.53
25       67.164    74.18
26       67.728    74.63
27       68.188    74.68
28       68.12    74.55
29       68.36    74.73
30       68.596    74.69
31       68.658    74.95
32       68.522    74.89
33       68.466    74.93
34       68.808    75.06
35       68.816    75.45
36       68.834    75.22
37       68.858    74.94
38       68.994    75.11
39       69.282    75.51
