epochs train test
0       31.406    47.65
1       43.062    55.32
2       48.446    59.03
3       51.838    62.34
4       54.672    61.97
5       56.42    65.14
6       57.81    66.68
7       59.122    67.77
8       60.242    69.43
9       61.1    69.53
10       61.778    70.05
11       62.622    70.64
12       63.134    71.69
13       63.544    71.58
14       64.248    71.91
15       64.28    72.19
16       64.508    72.06
17       65.01    72.77
18       65.408    72.95
19       65.652    73.47
20       66.026    73.94
21       65.674    74.14
22       66.262    74.03
23       66.718    74.31
24       66.73    74.54
25       68.694    75.95
26       69.44    76.25
27       69.85    76.41
28       69.798    76.36
29       70.04    76.61
30       69.9    76.66
31       70.464    76.91
32       70.49    76.78
33       70.736    76.73
34       70.426    76.92
35       70.794    76.99
36       70.874    76.8
37       70.714    77.02
38       70.75    76.94
39       70.638    77.24
0       30.014    46.25
1       42.944    52.47
2       47.85    58.22
3       51.95    60.16
4       55.262    65.51
5       57.276    65.91
6       58.784    67.32
7       60.176    68.4
8       60.94    69.75
9       62.124    70.52
10       62.728    70.68
11       63.018    71.05
12       63.962    71.23
13       63.998    71.77
14       64.52    72.71
15       64.874    73.08
16       65.17    73.06
17       65.58    73.51
18       65.726    73.52
19       65.99    73.68
20       66.702    74.16
21       66.418    73.86
22       66.794    73.71
23       66.922    74.81
24       67.238    73.93
25       69.146    75.9
26       69.598    76.22
27       69.882    75.81
28       70.388    76.0
29       70.58    76.46
30       70.458    76.4
31       70.534    76.64
32       70.576    76.65
33       70.638    76.6
34       70.86    77.06
35       70.696    76.85
36       71.052    76.51
37       71.112    77.16
38       70.826    76.81
39       71.054    76.92
