epochs train test
0       14.778    17.89
1       18.682    21.89
2       22.706    21.19
3       24.136    25.64
4       24.672    25.98
5       25.384    26.26
6       26.042    26.09
7       27.638    29.4
8       29.804    33.8
9       32.77    34.33
10       35.568    39.79
11       37.496    40.61
12       39.142    34.58
13       40.168    45.56
14       41.332    44.1
15       42.374    41.83
16       43.218    43.8
17       44.206    45.03
18       44.768    45.62
19       45.428    48.35
20       45.754    48.43
21       46.282    42.33
22       46.81    48.83
23       47.542    44.98
24       47.552    43.71
25       50.918    49.59
26       52.612    52.44
27       52.918    50.02
28       53.124    49.56
29       53.494    55.49
30       53.432    54.0
31       53.682    53.96
32       54.02    56.47
33       54.164    54.95
34       54.386    55.51
35       54.338    54.38
36       54.644    55.85
37       54.616    55.77
38       54.694    54.47
39       55.084    55.32
0       14.006    16.88
1       17.576    18.43
2       18.432    15.82
3       19.398    21.56
4       21.476    22.6
5       23.574    25.79
6       28.066    31.86
7       30.24    33.63
8       31.592    33.18
9       32.444    33.08
10       33.822    35.43
11       34.778    34.43
12       35.51    33.93
13       37.082    34.29
14       38.362    41.95
15       39.008    42.91
16       39.952    42.58
17       40.774    38.33
18       41.546    43.99
19       42.342    44.54
20       43.298    44.06
21       43.932    44.09
22       44.472    44.74
23       44.872    41.33
24       45.444    46.18
25       48.638    49.78
26       50.208    48.58
27       50.834    49.57
28       50.928    51.4
29       51.32    47.58
30       51.29    51.51
31       51.448    49.95
32       51.622    49.58
33       51.852    52.27
34       51.988    50.73
35       51.92    52.22
36       52.412    49.19
37       52.032    49.31
38       52.308    51.14
39       52.404    54.46
