epochs train test
0       13.69    17.4
1       17.344    16.63
2       17.856    19.4
3       18.858    17.98
4       22.518    17.99
5       24.79    23.51
6       26.528    27.92
7       28.256    29.13
8       30.934    33.0
9       33.082    27.22
10       34.394    27.7
11       35.51    31.56
12       36.306    30.39
13       37.404    36.35
14       38.294    33.5
15       39.46    36.0
16       40.212    32.87
17       41.426    40.12
18       41.798    36.69
19       42.482    38.84
20       43.166    40.3
21       43.64    39.19
22       44.138    39.16
23       44.838    28.0
24       45.084    33.76
25       48.432    47.51
26       49.998    47.47
27       50.572    48.76
28       51.022    46.64
29       51.166    45.77
30       50.998    45.72
31       51.59    48.34
32       51.788    48.74
33       51.648    46.68
34       51.94    47.77
35       52.144    49.54
36       52.008    45.66
37       52.776    45.97
38       52.502    49.0
39       53.124    48.26
0       13.962    15.04
1       17.24    15.99
2       17.982    18.22
3       19.53    20.48
4       23.418    25.41
5       25.03    22.78
6       25.93    26.72
7       27.28    28.08
8       28.452    25.36
9       30.69    29.76
10       31.876    26.89
11       33.19    30.02
12       34.35    30.94
13       35.932    36.04
14       37.434    30.27
15       38.488    39.85
16       39.884    34.75
17       40.904    42.02
18       41.536    42.67
19       42.474    43.43
20       42.956    42.9
21       43.464    38.55
22       43.776    47.91
23       44.6    43.66
24       44.802    42.84
25       48.018    49.4
26       48.91    49.54
27       49.64    48.92
28       49.694    49.09
29       50.2    47.91
30       50.33    48.21
31       50.274    50.52
32       50.594    48.21
33       50.78    48.27
34       50.976    49.91
35       51.19    50.44
36       51.22    51.18
37       51.422    49.39
38       51.4    44.91
39       51.692    49.46
