epochs train test
0       12.844    17.73
1       17.67    17.85
2       20.15    22.34
3       24.364    23.14
4       26.252    26.62
5       27.89    29.26
6       30.014    29.88
7       31.724    33.52
8       33.61    36.92
9       34.942    37.03
10       36.472    38.57
11       37.654    39.4
12       38.598    44.24
13       39.72    38.24
14       40.292    40.55
15       41.508    41.74
16       42.278    46.54
17       43.078    44.13
18       43.742    48.32
19       44.122    44.97
20       44.91    47.39
21       45.742    43.75
22       45.554    48.4
23       46.544    49.85
24       46.896    49.58
25       49.63    50.76
26       50.662    50.96
27       50.91    51.04
28       51.004    51.5
29       51.48    49.89
30       51.69    51.24
31       51.926    51.61
32       52.01    51.41
33       51.974    50.81
34       52.282    52.26
35       52.342    52.52
36       52.178    53.46
37       52.726    50.87
38       52.726    53.36
39       52.918    51.72
0       12.114    13.32
1       17.752    15.4
2       18.486    15.68
3       19.286    11.12
4       21.268    21.55
5       24.174    22.71
6       26.048    27.86
7       28.296    23.05
8       30.802    33.67
9       33.148    34.42
10       35.608    31.98
11       37.666    28.72
12       38.94    36.84
13       40.694    40.39
14       41.946    37.81
15       42.656    42.5
16       43.798    39.54
17       44.472    36.8
18       44.97    41.45
19       45.436    48.77
20       46.464    40.78
21       46.79    44.44
22       46.992    46.59
23       47.64    43.96
24       48.152    48.87
25       50.372    49.52
26       51.36    50.42
27       51.842    50.17
28       51.88    49.84
29       52.212    49.53
30       52.206    48.23
31       52.418    49.06
32       52.96    49.03
33       52.798    49.57
34       52.89    51.14
35       52.66    50.12
36       53.194    48.41
37       53.128    49.88
38       53.122    49.8
39       53.374    48.57
