epochs train test
0       28.594    44.42
1       41.152    53.47
2       46.14    55.64
3       49.998    59.83
4       53.456    63.21
5       55.56    64.2
6       56.838    65.8
7       58.532    67.17
8       59.376    67.1
9       60.298    68.05
10       60.936    69.48
0       30.034    45.19
1       42.116    53.12
2       46.838    55.74
3       50.87    60.86
4       53.142    63.91
5       55.642    65.31
6       57.394    66.53
7       58.506    66.81
8       59.536    68.23
9       60.252    69.38
10       61.112    68.97
11       61.828    69.79
12       62.24    70.48
13       62.254    70.46
14       62.944    71.7
15       63.464    72.03
16       63.442    71.89
17       63.772    71.57
18       63.742    72.19
19       64.208    70.92
20       64.42    72.79
21       64.468    71.86
22       64.746    72.69
23       64.812    73.13
24       65.226    72.35
25       67.39    74.3
26       67.972    74.73
27       68.334    74.88
28       68.484    74.85
29       68.552    75.22
30       68.75    75.03
31       68.892    75.33
32       68.99    75.13
33       68.886    75.69
34       68.894    75.88
35       68.866    75.56
36       69.106    75.66
37       69.238    75.99
38       69.244    75.58
39       69.528    75.62
0       29.176    43.76
1       41.112    50.59
2       46.312    57.27
3       50.486    60.42
4       53.256    63.38
5       55.312    65.98
6       57.204    67.09
7       58.356    66.41
8       59.676    68.68
9       60.5    69.17
10       61.312    70.7
11       61.356    71.24
12       61.94    71.35
13       62.426    71.18
14       62.76    71.16
15       62.968    71.03
16       63.372    71.79
17       63.774    71.8
18       63.948    71.12
19       64.156    72.71
20       64.264    72.55
21       64.188    71.59
22       64.508    72.57
23       65.15    73.3
24       65.058    72.7
25       67.27    74.5
26       67.944    74.96
27       68.234    74.84
28       68.244    75.06
29       68.458    75.53
30       68.69    75.2
31       68.78    75.54
32       68.748    75.2
33       69.03    75.61
34       68.976    75.51
35       69.158    76.0
36       68.916    75.81
37       68.936    76.27
38       69.172    75.66
39       69.118    75.92
