epochs train test
0       15.958    28.82
1       27.45    36.21
2       33.698    40.81
3       37.438    45.9
4       40.972    49.37
5       43.512    52.17
6       45.99    53.79
7       48.434    57.71
8       51.248    59.43
9       53.03    59.88
10       55.04    64.5
11       57.14    66.16
12       58.584    67.35
13       59.878    68.94
14       61.192    70.04
15       62.36    69.32
16       63.364    71.08
17       64.302    71.44
18       65.174    72.93
19       66.004    73.49
20       66.8    75.22
21       67.404    75.11
22       68.12    75.26
23       68.742    75.78
24       69.176    75.85
25       71.586    78.27
26       72.392    78.74
27       72.692    78.85
28       72.748    79.05
29       72.982    79.14
30       73.296    79.15
31       73.482    79.59
32       73.58    79.6
33       73.506    79.62
34       73.842    79.65
35       73.994    79.86
36       73.908    79.73
37       74.192    80.12
38       74.106    80.12
39       74.292    80.08
0       14.578    27.41
1       26.78    33.98
2       32.102    37.35
3       37.452    45.42
4       40.964    50.22
5       44.122    52.56
6       47.242    55.92
7       49.614    57.32
8       52.49    61.12
9       54.6    63.55
10       56.506    65.3
11       58.092    67.21
12       59.846    68.69
13       61.53    69.09
14       62.734    70.1
15       63.692    72.03
16       64.718    72.43
17       65.938    73.65
18       66.762    74.12
19       67.228    75.16
20       68.18    76.21
21       68.592    76.27
22       69.514    76.67
23       69.88    77.1
24       70.276    77.64
25       72.796    79.45
26       73.184    79.48
27       73.816    79.93
28       74.186    79.56
29       74.206    80.25
30       74.398    80.15
31       74.604    80.4
32       74.93    80.41
33       74.666    80.53
34       75.01    80.74
35       75.038    80.81
36       75.086    80.72
37       75.51    80.91
38       75.338    80.82
39       75.728    81.05
