epochs train test
0       12.79    23.27
1       25.782    32.0
2       30.208    36.98
3       34.232    42.4
4       37.408    44.96
5       40.06    46.65
6       42.404    50.27
7       44.606    51.54
8       46.44    53.4
9       48.484    54.58
10       49.524    58.23
11       51.612    58.92
12       53.088    60.88
13       54.43    61.12
14       55.76    63.79
15       57.142    64.77
16       58.218    65.75
17       59.19    67.31
18       60.362    68.64
19       60.734    68.73
20       61.7    68.84
21       62.286    69.67
22       62.954    70.42
23       63.806    72.0
24       64.798    70.77
25       67.318    74.24
26       68.05    74.5
27       68.432    74.44
28       68.392    75.07
29       68.674    75.06
30       68.82    74.91
31       69.006    75.28
32       69.012    75.21
33       69.548    75.31
34       69.432    75.79
35       69.706    75.55
36       69.734    75.72
37       69.856    76.13
38       69.938    75.72
39       69.9    76.61
0       11.656    24.43
1       25.374    35.17
2       32.64    40.15
3       36.816    43.96
4       39.48    47.43
5       41.828    49.37
6       44.536    52.21
7       46.818    52.75
8       48.984    57.92
9       51.362    59.44
10       53.472    61.75
11       55.386    64.69
12       56.94    65.65
13       58.11    66.12
14       59.982    66.9
15       60.894    67.82
16       62.118    70.46
17       63.04    71.62
18       63.744    72.19
19       64.492    72.72
20       65.574    72.93
21       65.97    74.27
22       66.76    74.26
23       67.436    73.01
24       67.924    74.43
25       70.48    76.99
26       71.102    77.33
27       71.654    77.58
28       71.506    77.67
29       71.938    77.67
30       71.858    77.87
31       72.296    78.38
32       72.234    78.1
33       72.15    78.36
34       72.618    78.4
35       72.776    78.54
36       72.816    78.56
37       73.036    78.72
38       72.854    78.84
39       73.182    78.73
