epochs train test
0       14.224    26.07
1       26.422    34.98
2       32.806    38.9
3       37.136    42.67
4       40.798    47.47
5       43.636    51.01
6       46.516    54.29
7       48.68    55.93
8       51.012    59.16
9       53.042    61.23
10       55.134    63.47
11       56.688    65.53
12       58.588    66.69
13       59.882    68.08
14       61.346    69.66
15       62.524    71.17
16       63.414    71.87
17       64.4    72.91
18       65.444    73.54
19       66.244    75.04
20       67.372    75.22
21       68.236    75.54
22       68.744    76.53
23       69.066    76.83
24       69.826    77.82
25       71.978    79.08
26       72.704    79.58
27       73.032    79.35
28       73.37    79.92
29       73.758    80.2
30       73.432    80.01
31       73.768    80.23
32       74.126    79.94
33       74.232    80.39
34       74.178    80.12
35       74.194    80.2
36       74.468    80.2
37       74.622    80.79
38       74.722    80.63
39       74.728    80.58
0       10.858    18.29
1       23.76    33.27
2       32.592    41.29
3       37.872    44.85
4       41.556    48.73
5       45.136    52.75
6       48.188    56.3
7       50.682    59.37
8       53.212    61.35
9       54.984    62.42
10       56.578    65.08
11       58.306    65.42
12       59.392    68.8
13       61.0    69.6
14       61.992    70.1
15       63.084    71.63
16       64.1    71.38
17       64.76    72.99
18       65.468    73.89
19       66.664    73.79
20       67.214    74.66
21       68.006    76.06
22       68.33    76.12
23       69.124    76.31
24       69.432    77.15
25       72.174    78.72
26       72.808    78.85
27       72.938    78.73
28       73.34    79.15
29       73.584    79.02
30       73.37    79.7
31       73.65    79.37
32       73.728    79.06
33       73.966    79.9
34       74.45    79.7
35       74.354    79.4
36       74.224    80.02
37       74.76    80.16
38       74.602    80.22
39       74.77    80.49
