epochs train test
0       12.798    24.06
1       26.136    32.05
2       32.212    42.0
3       37.396    44.78
4       41.656    49.54
5       45.21    54.15
6       48.506    57.09
7       51.282    58.72
8       53.422    62.31
9       55.618    64.08
10       57.556    66.25
11       59.454    68.52
12       60.936    68.75
13       62.484    70.53
14       63.648    71.49
15       64.674    72.14
16       65.7    74.61
17       66.616    73.59
18       67.382    75.43
19       67.87    73.87
20       68.942    76.5
21       69.31    77.04
22       70.206    77.05
23       70.572    78.2
24       71.196    77.96
25       73.358    79.33
26       73.966    79.78
27       74.236    79.83
28       74.47    80.06
29       74.858    79.91
30       75.044    80.13
31       75.188    80.06
32       75.112    80.67
33       75.374    80.66
34       75.446    80.25
35       75.57    80.52
36       75.628    80.57
37       76.064    80.34
38       75.968    80.83
39       75.624    80.74
0       12.836    22.68
1       25.168    31.43
2       30.684    37.84
3       34.122    40.74
4       38.004    46.09
5       41.522    50.06
6       45.21    52.16
7       48.064    56.56
8       50.57    59.09
9       52.932    60.62
10       54.49    63.09
11       55.898    64.95
12       57.88    65.24
13       58.838    67.77
14       60.382    68.55
15       61.316    68.57
16       62.788    70.65
17       63.6    72.28
18       64.64    73.13
19       65.992    73.43
20       66.37    74.62
21       67.44    75.22
22       68.18    76.02
23       68.734    75.46
24       69.384    77.31
25       71.436    78.56
26       72.566    78.57
27       72.886    78.66
28       73.068    78.79
29       73.47    78.47
30       73.52    79.11
31       73.662    79.23
32       73.622    79.23
33       73.776    79.42
34       74.036    79.56
35       73.98    79.75
36       74.33    79.78
37       74.402    79.77
38       74.734    79.63
39       74.806    80.07
