epochs train test
0       30.598    48.27
1       43.66    53.79
2       48.214    58.35
3       51.608    60.99
4       54.688    63.24
5       56.68    65.36
6       58.654    67.04
7       60.102    69.01
8       60.946    69.33
9       61.954    69.24
10       62.356    70.63
11       63.308    71.58
12       63.692    71.92
13       64.504    73.33
14       64.826    72.06
15       64.856    72.53
16       65.638    73.5
17       65.766    73.09
18       66.018    74.59
19       66.44    73.5
20       66.686    72.7
21       66.696    74.4
22       67.23    74.81
23       67.052    74.4
24       67.344    75.61
25       69.69    75.97
26       70.13    76.53
27       70.372    76.24
28       70.698    77.26
29       70.464    76.74
30       70.504    77.04
31       70.822    76.87
32       70.928    77.08
33       70.984    77.03
34       70.708    77.07
35       71.198    77.37
36       71.102    77.38
37       71.26    76.97
38       71.24    77.57
39       71.54    76.91
0       31.422    46.6
1       43.372    53.36
2       47.896    57.75
3       51.094    61.5
4       53.8    62.48
5       56.224    66.02
6       58.214    66.7
7       59.486    68.54
8       60.628    69.56
9       61.498    68.25
10       62.414    70.31
11       62.738    70.21
12       63.668    71.81
13       63.654    72.7
14       64.492    72.44
15       64.67    71.48
16       64.948    72.94
17       65.228    72.84
18       65.49    73.64
19       66.216    72.1
20       66.34    74.14
21       66.272    74.18
22       66.238    74.07
23       66.864    73.72
24       67.032    74.01
25       69.272    76.2
26       69.678    76.49
27       69.948    76.36
28       70.156    76.63
29       70.256    76.44
30       70.512    76.56
31       70.514    76.84
32       70.696    76.96
33       70.846    77.08
34       71.076    76.96
35       70.736    76.78
36       70.886    77.49
37       70.856    77.34
38       70.806    77.51
39       71.234    77.07
