epochs train test
0       9.888    10.0
1       13.766    24.24
2       26.068    34.24
3       31.362    40.12
4       36.416    43.61
5       39.958    46.93
6       43.14    50.81
7       46.018    53.32
8       48.426    55.75
9       50.358    58.12
10       52.046    59.26
11       53.898    62.18
12       54.906    62.91
13       56.166    62.55
14       57.748    65.18
15       58.572    66.38
16       59.836    67.03
17       60.852    67.75
18       61.828    69.31
19       62.394    69.18
20       63.61    70.71
21       64.236    70.89
22       64.968    72.1
23       65.502    73.34
24       66.234    73.41
25       68.528    75.17
26       69.54    75.57
27       69.838    75.19
28       70.232    75.98
29       70.334    75.55
30       70.612    76.16
31       70.55    76.49
32       70.724    76.61
33       70.628    76.85
34       70.854    76.96
35       70.88    76.55
36       71.23    76.22
37       71.324    77.32
38       71.508    76.93
39       71.532    77.22
0       14.48    27.35
1       26.734    33.02
2       30.566    36.32
3       34.416    41.08
4       38.196    45.98
5       41.272    48.57
6       43.602    50.75
7       45.484    53.1
8       47.368    54.81
9       49.384    57.63
10       51.158    57.44
11       52.938    61.2
12       54.638    61.88
13       55.824    63.66
14       57.544    65.97
15       58.656    65.68
16       59.584    67.34
17       60.588    68.77
18       61.808    69.56
19       62.5    69.94
20       63.666    71.36
21       64.03    71.1
22       65.032    72.4
23       65.832    72.53
24       66.53    73.8
25       69.162    75.56
26       69.9    75.62
27       70.076    76.15
28       70.338    76.54
29       70.846    76.34
30       70.76    76.85
31       70.868    76.59
32       70.954    76.61
33       71.074    76.91
34       71.33    76.83
35       71.532    76.88
36       71.458    76.99
37       71.572    77.16
38       71.812    77.06
39       71.912    77.04
