epochs train test
0       11.068    11.7
1       15.91    10.71
2       18.176    10.72
3       20.702    19.55
4       24.606    23.49
5       26.034    26.15
6       28.27    29.36
7       30.752    28.84
8       33.834    36.0
9       36.304    33.61
10       37.536    40.28
11       39.558    43.72
12       40.746    40.24
13       42.098    35.48
14       42.93    42.27
15       44.034    46.56
16       44.092    44.75
17       44.932    46.95
18       45.868    44.23
19       46.586    46.91
20       46.894    44.15
21       47.336    38.32
22       47.638    43.89
23       48.206    46.39
24       48.78    42.3
25       50.82    51.51
26       51.984    45.34
27       52.226    50.54
28       52.476    51.22
29       52.546    50.84
30       52.624    54.25
31       53.026    51.95
32       53.152    51.33
33       53.098    49.35
34       53.276    52.95
35       53.776    53.05
36       53.74    46.42
37       53.704    48.36
38       53.85    54.56
39       54.034    52.56
0       12.474    15.98
1       18.266    16.41
2       19.62    14.52
3       22.01    13.35
4       24.84    23.37
5       27.08    17.8
6       29.624    23.31
7       31.01    21.94
8       32.214    26.41
9       33.238    13.82
10       34.244    34.09
11       35.446    33.26
12       36.232    29.08
13       38.064    32.55
14       39.284    40.77
15       41.26    37.24
16       43.438    44.61
17       44.262    38.29
18       45.02    48.98
19       46.122    49.62
20       46.818    48.37
21       47.218    50.45
22       47.806    47.07
23       47.994    42.68
24       48.914    51.7
25       51.362    51.34
26       52.8    53.11
27       53.198    48.35
28       53.466    54.23
29       53.678    53.72
30       54.028    55.42
31       54.236    55.43
32       54.368    54.3
33       54.728    55.57
34       54.412    55.26
35       54.736    55.42
36       54.626    51.92
37       54.642    54.19
38       55.258    53.9
39       55.272    56.74
