epochs train test
0       13.226    16.16
1       17.83    12.65
2       18.94    14.32
3       20.784    18.83
4       23.382    24.31
5       25.69    24.91
6       27.696    21.55
7       29.546    26.55
8       31.572    29.77
9       33.91    31.32
10       36.284    35.39
11       37.742    40.08
12       39.66    41.08
13       41.054    41.79
14       42.546    41.25
15       43.644    40.89
16       44.772    42.65
17       45.512    48.62
18       46.074    43.28
19       47.262    46.4
20       47.814    44.38
21       47.86    46.96
22       48.488    45.57
23       48.578    44.5
24       49.168    41.94
25       52.126    51.49
26       52.972    51.22
27       53.108    51.24
28       53.338    50.96
29       53.386    51.61
30       53.864    52.2
31       53.936    50.58
32       53.688    52.04
33       54.186    51.54
34       54.324    51.35
35       54.576    52.26
36       54.218    52.79
37       54.154    52.39
38       54.872    51.38
39       54.834    52.52
0       12.024    21.18
1       19.944    21.62
2       22.704    21.32
3       24.558    26.35
4       26.212    28.61
5       27.728    31.06
6       29.404    27.02
7       31.192    33.44
8       32.626    29.25
9       34.372    37.84
10       35.542    36.88
11       36.642    40.15
12       37.834    40.13
13       39.236    40.78
14       39.454    44.05
15       40.348    35.2
16       41.316    39.64
17       42.062    45.3
18       43.396    48.11
19       44.498    48.1
20       45.534    36.16
21       46.088    46.02
22       46.764    50.87
23       47.344    40.92
24       48.19    53.38
25       51.036    53.42
26       52.126    53.1
27       52.312    53.14
28       52.666    52.63
29       52.838    52.76
30       52.76    54.35
31       53.204    53.63
32       52.73    52.59
33       53.224    54.24
34       53.59    54.62
35       53.614    54.58
36       53.528    54.29
37       53.576    55.12
38       53.854    54.18
39       53.758    53.51
